622,6
622,5
634,3
634,2
634,1
634,0
0,2
633,5
633,4
633,3
633,2
633,1
633,0
632,4
632,3
632,2
632,1
632,0
631,5
631,4
631,3
631,2
631,1
631,0
630,4
630,3
630,2
630,1
630,0
629,5
629,4
629,3
629,2
629,1
629,0
628,4
628,3
628,2
628,1
628,0
627,5
627,4
627,3
627,2
627,1
627,0
626,4
626,3
626,2
626,1
626,0
625,5
625,4
625,3
625,2
625,1
625,0
624,4
624,3
624,2
624,1
624,0
623,5
623,4
623,3
623,2
623,1
623,0
622,4
622,3
622,2
622,1
622,0
614,16
0,374
614,15
614,14
614,13
41,4
0,373
0,370
27,1
27,9
27,2
27,0
27,7
614,12
614,11
614,10
614,9
16,6
614,8
614,7
614,6
614,5
621,5
621,4
621,3
621,2
621,1
621,0
620,4
620,3
620,2
620,1
620,0
619,5
619,4
619,3
619,2
619,1
619,0
618,4
618,3
618,2
618,1
618,0
617,5
617,4
617,3
617,2
617,1
617,0
616,4
616,3
616,2
616,1
616,0
615,5
615,4
615,3
615,2
615,1
615,0
614,4
614,3
614,2
614,1
614,0
606,8
606,7
606,6
606,5
613,5
613,4
613,3
613,2
613,1
613,0
612,4
612,3
612,2
612,1
612,0
611,5
611,4
611,3
611,2
611,1
611,0
610,4
610,3
610,2
610,1
610,0
609,5
609,4
609,3
609,2
609,1
609,0
608,4
608,3
608,2
608,1
608,0
607,5
607,4
607,3
607,2
607,1
607,0
606,4
606,3
606,2
606,1
606,0
0,364
593,8
593,7
0,363
593,6
593,5
605,3
605,2
605,1
605,0
604,5
604,4
604,3
604,2
604,1
604,0
603,4
603,3
603,2
603,1
603,0
602,5
602,4
602,3
602,2
602,1
602,0
601,4
601,3
601,2
601,1
601,0
600,5
600,4
600,3
600,2
600,1
600,0
599,4
599,3
599,2
599,1
599,0
598,5
598,4
598,3
598,2
598,1
598,0
597,4
597,3
597,2
597,1
597,0
596,5
596,4
596,3
596,2
596,1
596,0
595,4
595,3
595,2
595,1
595,0
594,5
594,4
594,3
594,2
594,1
594,0
593,4
593,3
593,2
593,1
593,0
585,8
585,7
585,6
585,5
592,5
592,4
592,3
592,2
592,1
592,0
591,4
591,3
591,2
591,1
591,0
0,362
590,5
590,4
590,3
590,2
590,1
590,0
589,4
589,3
589,2
589,1
589,0
588,5
588,4
588,3
588,2
588,1
588,0
587,4
587,3
587,2
587,1
587,0
586,5
586,4
586,3
586,2
586,1
586,0
585,4
585,3
585,2
585,1
585,0
15,2
15,0
16,7
29,4
27,5
27,4
27,3
38,5
38,6
573,8
573,7
573,6
573,5
584,5
584,4
584,3
584,2
584,1
584,0
583,4
583,3
583,2
583,1
583,0
582,5
582,4
582,3
582,2
582,1
582,0
581,4
581,3
581,2
581,1
581,0
580,5
580,4
580,3
580,2
580,1
580,0
579,4
579,3
579,2
579,1
579,0
0,377
578,5
578,4
578,3
578,2
578,1
578,0
577,4
577,3
577,2
577,1
577,0
576,5
576,4
576,3
576,2
576,1
576,0
575,4
575,3
575,2
575,1
575,0
574,5
574,4
574,3
574,2
574,1
574,0
573,4
573,3
573,2
573,1
573,0
560,6
560,5
572,3
572,2
572,1
572,0
571,5
571,4
571,3
571,2
571,1
571,0
570,4
570,3
570,2
570,1
570,0
569,5
569,4
569,3
569,2
569,1
569,0
568,4
568,3
568,2
568,1
568,0
567,5
567,4
567,3
567,2
567,1
567,0
566,4
566,3
566,2
566,1
566,0
565,5
565,4
565,3
565,2
565,1
565,0
564,4
564,3
564,2
564,1
564,0
563,5
563,4
563,3
563,2
563,1
563,0
562,4
562,3
562,2
562,1
562,0
561,5
561,4
561,3
561,2
561,1
561,0
560,4
560,3
560,2
560,1
560,0
548,10
548,9
32,4
32,6
32,5
29,5
21,3
57,5
39,3
34,3
28,3
548,8
548,7
548,6
548,5
17,3
17,4
559,5
559,4
559,3
559,2
559,1
559,0
558,4
558,3
558,2
558,1
558,0
557,5
557,4
557,3
557,2
557,1
557,0
556,4
556,3
556,2
556,1
556,0
555,5
555,4
555,3
555,2
555,1
555,0
554,4
554,3
554,2
554,1
554,0
553,5
553,4
553,3
553,2
553,1
553,0
552,4
552,3
552,2
552,1
552,0
551,5
551,4
551,3
551,2
551,1
551,0
550,4
550,3
550,2
550,1
550,0
549,5
549,4
549,3
549,2
549,1
549,0
548,4
548,3
548,2
548,1
548,0
535,8
535,7
18,4
18,3
44,4
28,4
16,8
38,3
38,4
16,5
535,6
535,5
25,7
25,5
25,4
547,3
547,2
547,1
547,0
2,12
546,5
546,4
546,3
546,2
546,1
546,0
545,4
545,3
545,2
545,1
545,0
544,5
544,4
544,3
544,2
544,1
544,0
543,4
543,3
543,2
543,1
543,0
542,5
542,4
542,3
542,2
542,1
542,0
541,4
541,3
541,2
541,1
541,0
540,5
540,4
540,3
540,2
540,1
540,0
539,4
539,3
539,2
539,1
539,0
538,5
538,4
538,3
538,2
538,1
538,0
537,4
537,3
537,2
537,1
537,0
536,5
536,4
536,3
536,2
536,1
536,0
0,4
535,4
535,3
535,2
535,1
535,0
0,7
0,12
0,11
0,403
0,10
0,306
0,304
0,303
0,9
0,8
2,13
2,11
2,3
1,3
30,10
30,7
30,6
30,5
30,4
30,3
30,9
30,8
43,679
43,680
0,357
0,356
0,354
43,678
0,353
0,352
43,56
43,613
43,901
43,33
0,351
43,38
43,675
43,856
43,851
43,628
43,46
43,62
43,1024
43,674
0,350
43,9
43,624
43,666
43,614
43,855
43,58
43,673
43,837
43,621
43,53
43,31
43,55
43,672
43,648
43,611
43,649
43,854
43,845
43,650
43,612
43,627
43,853
43,836
43,661
0,344
43,667
43,669
43,52
43,619
43,645
43,662
43,19
43,655
43,643
43,852
43,842
43,660
43,622
43,644
43,651
43,37
43,54
43,42
43,647
43,846
43,850
43,848
43,63
43,646
43,61
43,24
43,849
43,640
43,843
43,60
43,618
43,847
43,32
43,13
43,50
43,40
43,615
43,36
43,51
43,30
43,839
43,844
43,15
43,10
43,12
43,28
43,49
43,47
43,496
43,495
43,838
43,39
43,48
43,25
43,35
43,449
43,448
43,45
43,44
43,21
43,616
43,43
43,34
43,41
43,841
43,27
43,840
43,23
43,11
43,26
43,29
43,18
43,20
43,22
43,17
43,14
43,383
43,382
43,381
43,380
43,379
43,378
43,377
43,16
43,8
43,376
43,375
43,374
43,373
43,372
43,371
43,370
43,369
43,368
43,367
43,366
43,365
43,7
43,364
43,363
43,362
43,361
43,360
43,359
43,358
43,357
43,356
43,355
43,354
43,353
43,352
43,5
43,351
43,350
43,349
43,348
43,6
43,347
43,346
43,345
43,344
43,487
43,481
43,486
43,343
43,342
43,484
43,477
43,341
43,629
43,340
43,631
43,339
43,507
43,338
43,337
43,336
43,625
43,335
43,509
43,617
43,635
43,457
43,488
43,59
43,626
43,483
43,325
43,510
43,632
43,461
43,491
0,554
0,553
0,552
0,551
0,550
0,549
0,548
0,547
0,546
0,545
0,544
0,543
0,542
0,541
0,540
0,539
0,538
0,537
0,536
0,535
0,534
0,533
0,532
0,531
0,530
0,529
0,528
0,527
0,526
0,525
0,524
0,523
0,522
0,521
0,520
0,519
0,518
0,517
0,516
0,515
0,514
0,513
0,512
0,324
0,243
14,4
37,3
37,5
37,4
16,3
16,9
16,4
15,3
14,3
0,343
43,490
0,342
0,341
0,340
0,339
0,336
43,489
0,335
0,334
0,333
0,328
0,327
43,630
43,485
43,480
0,325
43,478
0,323
43,620
43,505
43,476
43,475
43,474
43,904
43,473
43,57
0,322
43,1149
0,345
43,1148
0,321
43,471
43,1128
43,1127
43,1126
43,1125
0,319
43,1124
43,1123
43,472
43,1122
43,1121
43,1114
43,1113
43,1112
43,1111
43,1110
43,1109
43,623
43,1108
0,221
0,220
0,219
0,307
0,218
0,217
43,506
43,1094
0,417
43,1093
43,508
0,318
0,216
0,215
43,1090
0,506
0,214
0,452
0,213
43,470
0,433
0,212
0,505
0,211
43,469
0,504
0,210
0,209
0,395
0,208
0,207
0,206
0,205
0,426
0,204
0,203
0,202
0,201
0,404
0,200
0,372
0,199
0,198
0,430
0,197
0,503
0,196
0,195
0,468
0,317
0,194
0,193
43,468
0,349
0,192
0,63
0,62
0,61
0,60
0,371
0,59
43,467
0,361
0,58
0,471
0,57
0,56
0,369
0,316
0,55
43,1028
43,1027
0,315
0,54
0,53
43,1026
0,376
0,52
43,1023
0,507
0,51
43,1021
0,413
0,50
43,1020
43,1019
0,368
0,49
43,1018
43,1017
0,332
0,48
43,1016
43,1015
0,338
0,47
43,1014
43,1013
0,451
43,1012
43,466
0,314
43,1011
0,46
0,45
43,1010
0,455
0,6
43,1009
43,1008
0,405
0,300
43,1007
43,1006
0,472
0,299
43,1005
43,1004
0,298
43,1003
43,1002
0,337
0,297
43,1001
43,1000
0,402
0,296
43,999
43,998
43,997
43,996
0,440
0,295
43,995
43,994
43,993
0,461
0,294
43,992
0,293
43,991
43,990
0,292
43,989
43,988
0,408
0,291
43,465
43,987
43,986
43,985
43,984
0,330
0,290
43,983
43,982
43,981
43,980
0,329
0,289
43,979
0,288
43,978
43,977
0,287
43,976
43,975
0,331
0,286
43,974
43,973
0,438
0,285
43,972
43,971
0,365
0,284
43,479
43,970
43,969
43,464
0,348
0,283
43,968
43,967
0,347
0,282
43,966
43,965
0,281
43,964
43,963
0,388
0,280
43,962
43,961
0,279
43,960
0,278
0,277
0,424
0,276
0,384
0,275
0,274
0,273
0,272
0,383
0,271
0,375
0,270
0,269
0,467
0,268
0,422
0,267
43,463
0,266
0,358
0,265
0,465
0,264
0,263
43,460
0,262
0,261
0,464
0,260
0,449
0,259
0,459
0,258
0,257
0,462
0,312
0,256
0,255
0,254
0,355
0,253
0,360
0,252
43,831
43,830
43,829
0,320
0,251
43,828
43,827
0,454
0,250
43,826
43,825
0,346
0,249
43,824
43,823
0,248
43,822
0,247
43,821
43,820
0,419
0,246
43,819
43,818
0,245
43,817
43,816
0,359
0,244
43,815
43,814
0,382
0,242
43,462
43,813
43,812
0,436
0,241
43,459
43,811
43,810
0,420
0,240
43,809
43,808
0,460
0,239
43,807
43,806
0,458
0,238
43,805
43,804
0,435
0,237
43,803
43,802
0,236
43,801
43,800
43,799
43,798
0,311
0,235
0,234
43,797
43,796
0,233
43,795
43,794
43,793
43,792
0,232
43,791
43,790
43,789
0,326
0,231
43,788
43,787
0,453
0,230
43,786
43,785
43,784
0,229
43,783
43,782
0,410
0,228
43,781
43,780
43,574
43,573
43,572
43,571
43,570
43,569
0,227
43,568
43,779
0,434
43,567
43,566
43,565
43,564
43,563
43,562
43,561
43,560
43,559
43,558
43,557
43,556
43,555
43,554
43,553
43,552
43,551
43,550
43,549
43,548
43,547
43,546
43,545
43,544
43,543
0,226
43,778
43,542
43,777
43,776
43,541
43,540
43,539
43,538
43,537
43,536
43,535
43,534
43,533
43,532
43,531
43,530
43,529
43,528
43,327
43,527
43,526
43,525
43,524
43,523
43,522
43,521
43,520
43,519
43,518
43,517
43,516
43,515
43,514
43,513
43,512
43,447
43,446
43,453
43,452
43,445
43,444
43,443
43,442
43,441
43,440
43,439
43,438
43,437
43,436
43,435
43,434
43,433
43,432
43,2
43,431
43,0
43,430
43,429
43,428
43,427
43,426
0,225
43,775
43,425
43,774
43,424
0,409
43,423
43,422
43,421
43,420
43,419
43,418
43,417
43,416
43,415
43,414
43,413
43,412
43,411
43,410
43,409
43,408
43,407
43,406
43,405
43,404
43,403
43,402
43,401
43,400
43,399
43,398
43,451
43,397
43,396
43,395
43,394
43,511
43,393
43,392
43,391
43,390
43,389
43,388
43,387
43,386
43,385
43,384
43,319
43,318
43,317
43,316
43,315
43,314
43,313
43,312
43,311
43,310
43,309
43,308
43,307
43,306
43,305
43,304
43,303
43,302
43,450
43,301
43,300
43,299
43,298
43,297
43,296
43,295
43,294
43,293
43,292
43,291
43,290
43,289
43,288
43,287
43,286
43,285
43,284
43,283
43,282
43,281
43,280
43,279
43,278
43,277
43,276
43,275
43,274
43,273
43,272
43,271
43,270
43,269
43,268
43,267
43,266
43,265
43,264
43,263
43,262
43,261
43,260
43,259
43,258
43,257
43,256
43,254
43,253
43,252
43,251
43,250
43,249
43,248
43,247
43,246
43,634
43,245
43,244
43,500
43,243
43,242
43,241
43,240
43,239
43,238
43,237
43,236
43,235
43,234
0,224
43,773
43,233
43,772
43,232
43,231
43,230
43,229
43,228
43,227
43,226
43,225
43,224
43,223
43,222
43,221
43,220
43,219
43,218
43,217
43,216
43,215
43,214
43,213
43,212
43,211
43,210
43,209
43,208
43,504
43,207
43,206
43,205
43,204
43,203
43,202
43,201
43,200
43,199
43,328
43,198
43,503
43,197
43,196
43,195
43,194
43,193
43,192
43,502
43,482
43,771
43,770
0,414
0,0
0,223
43,501
43,498
43,1151
43,1150
43,1147
43,1146
43,1145
43,1144
43,1143
43,1142
43,458
43,1141
43,1140
43,1139
43,1138
43,1137
43,1136
43,1135
43,1134
43,1133
43,1132
43,1131
43,1130
43,499
43,1129
43,1120
43,1119
43,1118
43,1117
43,1116
43,1115
43,1107
43,1106
43,1105
43,1104
43,1103
43,1102
43,1101
43,1100
43,1099
43,1098
43,1097
43,1096
43,1095
43,1092
43,1091
43,1089
43,1088
43,324
43,497
0,222
43,769
43,768
43,323
43,326
43,1031
43,1030
43,1029
43,1025
43,322
43,494
43,320
43,321
43,903
43,902
43,900
43,899
43,898
43,1
43,897
43,896
43,456
43,493
43,492
43,4
43,3
43,1022
43,455
43,633
43,334
43,333
43,681
43,677
43,332
43,671
43,670
43,331
43,668
43,665
43,664
43,663
43,659
43,658
43,657
43,656
43,654
43,653
43,652
43,330
43,329
43,454
43,642
43,641
43,575
527,10
527,9
527,8
527,7
527,6
527,5
534,5
534,4
534,3
534,2
534,1
534,0
533,4
533,3
533,2
533,1
533,0
532,5
532,4
532,3
532,2
532,1
532,0
531,4
531,3
531,2
531,1
531,0
530,5
530,4
530,3
530,2
530,1
530,0
529,4
529,3
529,2
529,1
529,0
528,5
528,4
528,3
528,2
528,1
528,0
527,4
527,3
527,2
527,1
527,0
514,17
514,16
524,115
524,114
524,113
524,112
524,111
524,110
524,109
524,108
524,107
524,106
524,105
524,104
524,103
524,102
524,101
524,100
524,99
524,98
514,15
524,97
524,96
524,95
524,94
524,93
524,92
524,91
524,90
524,89
524,88
524,87
524,86
524,85
524,84
524,83
524,82
524,81
524,80
524,79
524,78
524,77
524,76
524,75
524,74
514,14
524,73
524,72
524,71
524,70
524,69
524,68
524,67
524,66
524,65
524,64
524,36
524,35
514,13
514,12
524,34
524,33
524,32
524,31
524,30
524,29
524,28
524,27
524,26
524,25
524,24
524,23
524,22
514,11
514,10
514,9
514,8
524,21
524,20
524,19
524,18
524,17
524,16
524,15
524,14
524,13
524,12
524,11
524,10
524,9
524,8
524,7
524,6
524,5
514,7
514,6
514,5
526,3
526,2
526,1
526,0
525,5
525,4
525,3
525,2
525,1
525,0
524,4
524,3
524,2
524,1
524,0
523,5
523,4
523,3
523,2
523,1
523,0
522,4
522,3
522,2
522,1
522,0
521,5
521,4
521,3
521,2
521,1
521,0
520,4
520,3
520,2
520,1
520,0
519,5
519,4
519,3
519,2
519,1
519,0
518,4
518,3
518,2
518,1
518,0
517,5
517,4
517,3
517,2
517,1
517,0
516,4
516,3
516,2
516,1
516,0
515,5
515,4
515,3
515,2
515,1
515,0
514,4
514,3
514,2
514,1
514,0
511,21
511,20
511,19
511,18
511,17
511,16
511,15
511,14
511,13
511,12
511,11
511,10
511,9
511,8
511,7
511,6
511,5
501,6
501,5
513,3
513,2
513,1
513,0
512,5
512,4
512,3
512,2
512,1
512,0
511,4
511,3
511,2
511,1
511,0
510,5
510,4
510,3
510,2
510,1
510,0
509,4
509,3
509,2
509,1
509,0
508,5
508,4
508,3
508,2
508,1
508,0
507,4
507,3
507,2
507,1
507,0
506,5
506,4
506,3
506,2
506,1
506,0
505,4
505,3
505,2
505,1
505,0
504,5
504,4
504,3
504,2
504,1
504,0
503,4
503,3
503,2
503,1
503,0
502,5
502,4
502,3
502,2
502,1
502,0
501,4
501,3
501,2
501,1
501,0
0,447
0,446
0,445
498,82
498,81
498,80
498,79
498,78
498,77
498,76
498,75
498,74
498,73
498,72
498,71
498,70
498,69
498,68
488,12
488,11
0,444
30,12
30,11
498,67
498,66
498,65
498,64
498,36
498,35
498,34
498,33
498,32
498,31
498,30
498,29
